Energy_Total        = -12.56655452028271
Energy_Band         = -4.507491115073952
Energy_CoulombIntra = -8.059063405208757
NCond   = 15.999999999999996
Sz      = -7.239267874048494e-08
