Energy_Total        = 189.3488603466438
Energy_Band         = 760.6271200581792
Energy_CoulombIntra = -153.1956179975133
Energy_CoulombInter = -418.08264171402215
NCond   = 256.0
Sz      = -3.552713678800501e-15
