Energy_Total        = -1932.973003834844
Energy_Band         = -650.2485185256674
Energy_CoulombIntra = -1282.7244853091765
NCond   = 1727.9999999997476
Sz      = 3.597122599785507e-14
