Energy_Total        = -1415.9791861836136
Energy_Band         = 428.54634212847304
Energy_CoulombIntra = -1844.5255283120866
NCond   = 1728.0000000002563
Sz      = 1.199040866595169e-14
