Energy_Total        = -204.0394021197495
Energy_Band         = -70.15300559550434
Energy_CoulombIntra = -133.88639652424516
NCond   = 255.99999999999994
Sz      = -7.105427357601002e-15
