Energy_Total        = -2318.7927301171608
Energy_Band         = -590.792730116068
Energy_CoulombIntra = -1728.0000000010928
NCond   = 1728.0000000006255
Sz      = -5.395683899678261e-14
