Energy_Total        = -2456.277667563184
Energy_Band         = 2683.0536008623403
Energy_CoulombIntra = -5139.331268425524
NCond   = 1728.0000000003545
Sz      = 5.995204332975845e-15
