Energy_Total        = -55.95119393281129
Energy_Band         = 242.37760026349576
Energy_CoulombIntra = -141.22250231726667
Energy_CoulombInter = -157.10629187904038
NCond   = 256.0
Sz      = 0.0
