Energy_Total        = 390.7165699693543
Energy_Band         = 1009.4792360149111
Energy_CoulombIntra = -466.9698426630814
Energy_CoulombInter = -151.79282338247535
NCond   = 256.0
Sz      = 3.9968028886505635e-15
