Energy_Total        = 238.2009760674365
Energy_Band         = 863.8849037006463
Energy_CoulombIntra = -155.52892306282664
Energy_CoulombInter = -470.1550045703832
NCond   = 256.0
Sz      = 0.0
