Energy_Total        = -1159.584204938731
Energy_Band         = -211.37420148787714
Energy_CoulombIntra = -948.2100034508541
NCond   = 1728.0000000000039
Sz      = 0.0
