Energy_Total        = -1676.197341104179
Energy_Band         = 2667.7552165855777
Energy_CoulombIntra = -4343.952557689757
NCond   = 1728.0000000000914
Sz      = 5.995204332975845e-14
