Energy_Total        = -425.5224460543633
Energy_Band         = -12.437759604899043
Energy_CoulombIntra = -413.08468644946424
NCond   = 1728.0
Sz      = 0.0
