Energy_Total        = -425.67808094696227
Energy_Band         = -11.136709261529177
Energy_CoulombIntra = -414.5413716854331
NCond   = 1728.0000000000018
Sz      = 4.796163466380676e-14
