Energy_Total        = 578.5114057931332
Energy_Band         = 1583.1885859578156
Energy_CoulombIntra = -171.03644145742808
Energy_CoulombInter = -833.6407387072543
NCond   = 256.0
Sz      = 3.552713678800501e-15
