Energy_Total        = -1159.5949619211196
Energy_Band         = -211.3243382722785
Energy_CoulombIntra = -948.2706236488413
NCond   = 1727.999999999992
Sz      = 1.199040866595169e-14
