Energy_Total        = -3175.991775463249
Energy_Band         = 2008.0082237636034
Energy_CoulombIntra = -5183.999999226852
NCond   = 1727.9999999996728
Sz      = -7.194245199571014e-14
