Energy_Total        = -6766.307334396137
Energy_Band         = 3601.6926655840325
Energy_CoulombIntra = -10367.99999998017
NCond   = 1728.0000000001635
Sz      = -2.9976021664879227e-14
