Energy_Total        = 723.6035889472107
Energy_Band         = 1889.69865578229
Energy_CoulombIntra = -177.1567190575033
Energy_CoulombInter = -988.9383477775759
NCond   = 256.0
Sz      = 0.0
