Energy_Total        = -3073.565816186429
Energy_Band         = 382.4341838117589
Energy_CoulombIntra = -3455.999999998188
NCond   = 1727.999999999588
Sz      = -5.995204332975845e-14
