Energy_Total        = -5775.393557994761
Energy_Band         = -591.3935579932458
Energy_CoulombIntra = -5184.000000001515
NCond   = 1728.0000000002524
Sz      = 1.199040866595169e-14
