Energy_Total        = -5673.035152406175
Energy_Band         = 4694.964846342771
Energy_CoulombIntra = -10367.999998748946
NCond   = 1727.9999999998256
Sz      = -3.597122599785507e-14
