Energy_Total        = 323.4504396967529
Energy_Band         = 973.4635657505785
Energy_CoulombIntra = -412.71796681248065
Energy_CoulombInter = -237.29515924134495
NCond   = 256.0
Sz      = 2.220446049250313e-15
