Energy_Total        = -2095.403261054702
Energy_Band         = 1360.5951353346254
Energy_CoulombIntra = -3455.9983963893274
NCond   = 1727.9999999995227
Sz      = -1.0191847366058937e-13
