Energy_Total        = -4327.356663877972
Energy_Band         = -871.3566638793727
Energy_CoulombIntra = -3455.9999999985994
NCond   = 1727.9999999996496
Sz      = 5.995204332975845e-15
