Energy_Total        = 42.385680671513796
Energy_Band         = 450.07225263582393
Energy_CoulombIntra = -146.06325357311698
Energy_CoulombInter = -261.62331839119315
NCond   = 256.0
Sz      = 7.105427357601002e-15
