Energy_Total        = -1968.6036400394105
Energy_Band         = 3126.8571239610465
Energy_CoulombIntra = -5095.460764000457
NCond   = 1727.9999999999006
Sz      = -1.199040866595169e-14
