Energy_Total        = -1422.512079096895
Energy_Band         = 2245.168698649468
Energy_CoulombIntra = -3667.6807777463628
NCond   = 1727.9999999999163
Sz      = 2.398081733190338e-14
