Energy_Total        = 626.9195987194946
Energy_Band         = 1685.4698673546134
Energy_CoulombIntra = -173.11477571819114
Energy_CoulombInter = -885.4354929169276
NCond   = 256.0
Sz      = 0.0
