Energy_Total        = -6220.419941253245
Energy_Band         = 4147.580058544274
Energy_CoulombIntra = -10367.99999979752
NCond   = 1728.0000000001687
Sz      = -1.199040866595169e-14
