Energy_Total        = -1227.5444860344041
Energy_Band         = 902.475350920773
Energy_CoulombIntra = -2130.019836955177
NCond   = 1727.9999999998008
Sz      = 0.0
