Energy_Total        = -474.18161050039294
Energy_Band         = 195.24348982703668
Energy_CoulombIntra = -669.4251003274296
NCond   = 1728.0000000000134
Sz      = 0.0
