Energy_Total        = -20.109357968503392
Energy_Band         = -20.109357968503392
NCond   = 16.0
Sz      = 0.0
