Energy_Total        = -425.52300186187955
Energy_Band         = -12.43833748813995
Energy_CoulombIntra = -413.0846643737396
NCond   = 1727.9999999999989
Sz      = 0.0
