Energy_Total        = -204.03940162034542
Energy_Band         = -70.15300480727821
Energy_CoulombIntra = -133.8863968130672
NCond   = 256.0
Sz      = 3.552713678800501e-15
