Energy_Total        = -817.7876498143754
Energy_Band         = -78.33165626011214
Energy_CoulombIntra = -739.4559935542633
NCond   = 1728.0000000000016
Sz      = 4.796163466380676e-14
