Energy_Total        = -7299.689431649626
Energy_Band         = -2115.6894316509643
Energy_CoulombIntra = -5183.999999998662
NCond   = 1727.9999999997772
Sz      = 1.199040866595169e-14
