Energy_Total        = -522.0118046493742
Energy_Band         = -238.2118046493742
Energy_CoulombInter = -283.8
NCond   = 514.0
Sz      = 0.9732899589420185
