Energy_Total        = 341.4371725984663
Energy_Band         = 985.7800119674769
Energy_CoulombIntra = -428.56705049534975
Energy_CoulombInter = -215.77578887366076
NCond   = 255.99999999999994
Sz      = -7.105427357601002e-15
