Energy_Total        = -425.5472379322471
Energy_Band         = -12.351143022631732
Energy_CoulombIntra = -413.1960949096154
NCond   = 1728.0000000000032
Sz      = 1.199040866595169e-14
