Energy_Total        = 140.4304776722069
Energy_Band         = 657.2397074702156
Energy_CoulombIntra = -150.83868309106066
Energy_CoulombInter = -365.9705467069481
NCond   = 256.0
Sz      = 1.4210854715202004e-14
