Energy_Total        = 91.44350530814091
Energy_Band         = 553.7216679848624
Energy_CoulombIntra = -148.460418958447
Energy_CoulombInter = -313.81774371827447
NCond   = 256.0
Sz      = -2.1316282072803006e-14
