Energy_Total        = -1901.3373024777466
Energy_Band         = -773.7496875737711
Energy_CoulombIntra = -1127.5876149039755
NCond   = 1728.0000000000011
Sz      = -2.398081733190338e-14
