Energy_Total        = -1840.8065792622333
Energy_Band         = 1873.451553571107
Energy_CoulombIntra = -3714.2581328333404
NCond   = 1727.9999999996935
Sz      = 2.398081733190338e-14
