Energy_Total        = -106.3544409973365
Energy_Band         = -106.3544409973365
NCond   = 100.0
Sz      = 0.0
