Energy_Total        = -1204.326999723893
Energy_Band         = 1858.0388891524672
Energy_CoulombIntra = -3062.3658888763603
NCond   = 1727.9999999999256
Sz      = 1.199040866595169e-14
