Energy_Total        = -1159.7065855399674
Energy_Band         = -210.2858173271743
Energy_CoulombIntra = -949.4207682127932
NCond   = 1727.9999999999973
Sz      = 3.597122599785507e-14
