Energy_Total        = -6.745186482871986
Energy_Band         = 346.29096896443446
Energy_CoulombIntra = -143.64973064966392
Energy_CoulombInter = -209.38642479764252
NCond   = 255.99999999999997
Sz      = 0.0
