Energy_Total        = 335.7159063243779
Energy_Band         = 1070.0167267101956
Energy_CoulombIntra = -160.11611743870793
Energy_CoulombInter = -574.1847029471097
NCond   = 256.0
Sz      = 1.4210854715202004e-14
