Energy_Total        = -740.8558570688542
Energy_Band         = 917.0823454196579
Energy_CoulombIntra = -1657.9382024885122
NCond   = 1727.9999999999543
Sz      = 1.199040866595169e-14
