Energy_Total        = -1901.348192412811
Energy_Band         = -773.602278533594
Energy_CoulombIntra = -1127.745913879217
NCond   = 1727.9999999999989
Sz      = 3.597122599785507e-14
