Energy_Total        = -105.2343368537399
Energy_Band         = 138.33220530880254
Energy_CoulombIntra = -138.78431227727938
Energy_CoulombInter = -104.78222988526306
NCond   = 255.99999999999997
Sz      = 1.0658141036401503e-14
