Energy_Total        = -3538.857743245492
Energy_Band         = 1645.1422566674119
Energy_CoulombIntra = -5183.999999912904
NCond   = 1728.0000000003147
Sz      = -4.796163466380676e-14
