Energy_Total        = -2056.5612265877794
Energy_Band         = -368.86088598872993
Energy_CoulombIntra = -1687.7003405990495
NCond   = 1727.999999999375
Sz      = 5.995204332975845e-14
