Energy_Total        = 276.9285289443998
Energy_Band         = 931.4879181155828
Energy_CoulombIntra = -369.0701726131821
Energy_CoulombInter = -285.489216558001
NCond   = 256.0
Sz      = 0.0
