Energy_Total        = -1182.4628568324301
Energy_Band         = -114.06090534791838
Energy_CoulombIntra = -1068.4019514845118
NCond   = 1728.0000000000575
Sz      = -1.199040866595169e-14
