Energy_Total        = -1163.1850328604278
Energy_Band         = -190.0947554020031
Energy_CoulombIntra = -973.0902774584248
NCond   = 1728.0000000000155
Sz      = 0.0
