Energy_Total        = -3542.4986156018585
Energy_Band         = 5283.204021020429
Energy_CoulombIntra = -8825.702636622287
NCond   = 1727.9999999997844
Sz      = -3.597122599785507e-14
