Energy_Total        = -3277.545316742852
Energy_Band         = 178.45468325874572
Energy_CoulombIntra = -3456.0000000015975
NCond   = 1728.0000000004006
Sz      = -2.9976021664879227e-14
