Energy_Total        = -1095.689516095464
Energy_Band         = 650.2864352446486
Energy_CoulombIntra = -1745.9759513401125
NCond   = 1727.9999999998388
Sz      = 0.0
