Energy_Total        = 432.9944954577909
Energy_Band         = 1275.6475466476911
Energy_CoulombIntra = -164.5846366969052
Energy_CoulombInter = -678.0684144929951
NCond   = 255.99999999999997
Sz      = 3.552713678800501e-15
