Energy_Total        = -154.59649241935344
Energy_Band         = 34.155125617683865
Energy_CoulombIntra = -136.33798194038346
Energy_CoulombInter = -52.41363609665384
NCond   = 256.0
Sz      = 0.0
