Energy_Total        = -1018.8626376670804
Energy_Band         = 1505.8758835771368
Energy_CoulombIntra = -2524.7385212442173
NCond   = 1728.0000000000646
Sz      = -1.199040866595169e-14
