Energy_Total        = -2284.5346313545333
Energy_Band         = 1171.465366689872
Energy_CoulombIntra = -3455.9999980444054
NCond   = 1728.0000000004627
Sz      = -1.199040866595169e-14
