Energy_Total        = -4585.833368595941
Energy_Band         = 5782.1665990266465
Energy_CoulombIntra = -10367.999967622587
NCond   = 1728.0000000001874
Sz      = -2.9976021664879227e-14
