Energy_Total        = -873.3362633542303
Energy_Band         = 126.72559030813864
Energy_CoulombIntra = -1000.0618536623689
NCond   = 1728.0000000000598
Sz      = -1.199040866595169e-14
