Energy_Total        = 302.1697720445669
Energy_Band         = 956.126143585376
Energy_CoulombIntra = -393.097588739448
Energy_CoulombInter = -260.85878280136114
NCond   = 256.0
Sz      = 9.769962616701378e-15
