Energy_Total        = -1915.8988414628652
Energy_Band         = 1221.0823390598161
Energy_CoulombIntra = -3136.9811805226814
NCond   = 1728.0
Sz      = 0.0
