Energy_Total        = 380.992294343493
Energy_Band         = 1005.8868060598362
Energy_CoulombIntra = -460.08565399813756
Energy_CoulombInter = -164.8088577182057
NCond   = 256.0
Sz      = 7.105427357601002e-15
