Energy_Total        = -450.05192738955
Energy_Band         = 105.39747920020818
Energy_CoulombIntra = -555.4494065897582
NCond   = 1728.0000000000084
Sz      = 7.194245199571014e-14
