Energy_Total        = -2449.177460104537
Energy_Band         = -721.1774601033176
Energy_CoulombIntra = -1728.0000000012199
NCond   = 1728.00000000061
Sz      = 1.199040866595169e-14
