Energy_Total        = -995.7134598181005
Energy_Band         = 437.53055340918763
Energy_CoulombIntra = -1433.2440132272882
NCond   = 1728.0000000001244
Sz      = 3.597122599785507e-14
