Energy_Total        = 675.2829149649307
Energy_Band         = 1787.6390300074395
Energy_CoulombIntra = -175.15516322951612
Energy_CoulombInter = -937.2009518129927
NCond   = 256.0
Sz      = -7.105427357601002e-15
