Energy_Total        = 171.62494108185427
Energy_Band         = 776.9346877941987
Energy_CoulombIntra = -281.19935319376555
Energy_CoulombInter = -324.11039351857886
NCond   = 256.0
Sz      = 0.0
