Energy_Total        = 42.38568018628871
Energy_Band         = 450.0722517894903
Energy_CoulombIntra = -146.0632531948481
Energy_CoulombInter = -261.6233184083535
NCond   = 256.0
Sz      = 0.0
