Energy_Total        = -1979.4486369429294
Energy_Band         = -529.8826291675541
Energy_CoulombIntra = -1449.5660077753753
NCond   = 1727.999999999572
Sz      = 7.194245199571014e-14
