Energy_Total        = -1159.5852257351203
Energy_Band         = -211.37533487467044
Energy_CoulombIntra = -948.2098908604498
NCond   = 1728.0000000000068
Sz      = 1.199040866595169e-14
