Energy_Total        = -6.7451859115118395
Energy_Band         = 346.29096994133295
Energy_CoulombIntra = -143.64973107053896
Energy_CoulombInter = -209.38642478230582
NCond   = 255.99999999999994
Sz      = 3.552713678800501e-15
