Energy_Total        = -865.471332061431
Energy_Band         = 1192.5202949131672
Energy_CoulombIntra = -2057.991626974598
NCond   = 1727.9999999999452
Sz      = 0.0
