Energy_Total        = -2198.818600782764
Energy_Band         = -470.81860088779604
Energy_CoulombIntra = -1727.999999894968
NCond   = 1727.9999999993604
Sz      = 0.0
