Energy_Total        = -3902.1140947506583
Energy_Band         = -446.1140947521326
Energy_CoulombIntra = -3455.9999999985257
NCond   = 1727.9999999996312
Sz      = -1.7985612998927536e-14
