Energy_Total        = 211.91306943679047
Energy_Band         = 846.3249828604165
Energy_CoulombIntra = -308.9442798162801
Energy_CoulombInter = -325.467633607346
NCond   = 256.0
Sz      = 1.7763568394002505e-15
