Energy_Total        = -642.0140413843583
Energy_Band         = 679.0567900571732
Energy_CoulombIntra = -1321.0708314415315
NCond   = 1728.0000000000362
Sz      = 1.199040866595169e-14
