Energy_Total        = -1339.8500432528078
Energy_Band         = 278.4768482591644
Energy_CoulombIntra = -1618.3268915119722
NCond   = 1728.0000000002103
Sz      = -1.199040866595169e-14
