Energy_Total        = -1903.83327765115
Energy_Band         = -756.970518196304
Energy_CoulombIntra = -1146.862759454846
NCond   = 1728.0000000000496
Sz      = 3.597122599785507e-14
