Energy_Total        = -1394.0509764261715
Energy_Band         = 1191.7131644119272
Energy_CoulombIntra = -2585.7641408380987
NCond   = 1727.9999999997628
Sz      = 2.398081733190338e-14
