Energy_Total        = 369.7650035054486
Energy_Band         = 1001.1029295966591
Energy_CoulombIntra = -451.6805473635561
Energy_CoulombInter = -179.65737872765445
NCond   = 255.99999999999997
Sz      = -4.440892098500626e-15
