Energy_Total        = -154.59649195041595
Energy_Band         = 34.15512637278144
Energy_CoulombIntra = -136.33798222920828
Energy_CoulombInter = -52.413636093989126
NCond   = 255.99999999999994
Sz      = 3.552713678800501e-15
