Energy_Total        = -826.8281631722837
Energy_Band         = -32.8065487082913
Energy_CoulombIntra = -794.0216144639924
NCond   = 1727.999999999982
Sz      = 0.0
