Energy_Total        = -1901.3376756314385
Energy_Band         = -773.7504107504774
Energy_CoulombIntra = -1127.5872648809611
NCond   = 1728.0000000000023
Sz      = 1.199040866595169e-14
