Energy_Total        = -4044.5628414761813
Energy_Band         = 5898.11459335138
Energy_CoulombIntra = -9942.677434827561
NCond   = 1728.0000000002003
Sz      = 4.796163466380676e-14
