Energy_Total        = -5128.9198047164555
Energy_Band         = 5239.080190438401
Energy_CoulombIntra = -10367.999995154856
NCond   = 1727.9999999998192
Sz      = 0.0
