Energy_Total        = -425.52506567096754
Energy_Band         = -12.438885493069392
Energy_CoulombIntra = -413.08618017789814
NCond   = 1728.0
Sz      = -1.199040866595169e-14
