Energy_Total        = -2814.222527377762
Energy_Band         = 2369.7774688260215
Energy_CoulombIntra = -5183.999996203784
NCond   = 1727.999999999659
Sz      = -2.9976021664879227e-14
