Energy_Total        = -2127.3086657317235
Energy_Band         = 2265.109102094656
Energy_CoulombIntra = -4392.4177678263795
NCond   = 1727.9999999996662
Sz      = -5.995204332975845e-15
