Energy_Total        = -2872.025050708395
Energy_Band         = 583.9749492861447
Energy_CoulombIntra = -3455.99999999454
NCond   = 1727.999999999576
Sz      = -2.9976021664879227e-14
