Energy_Total        = -6916.280225796861
Energy_Band         = -1732.2802257954827
Energy_CoulombIntra = -5184.000000001378
NCond   = 1728.0000000002294
Sz      = -2.398081733190338e-14
