Energy_Total        = 356.712811033705
Energy_Band         = 994.6397723317317
Energy_CoulombIntra = -441.34600849041055
Energy_CoulombInter = -196.58095280761614
NCond   = 256.0
Sz      = 1.1546319456101628e-14
