Energy_Total        = -2001.9107287811876
Energy_Band         = -479.5685655931843
Energy_CoulombIntra = -1522.3421631880033
NCond   = 1727.9999999995075
Sz      = -4.196643033083092e-14
