Energy_Total        = -1203.6289909529655
Energy_Band         = -47.32225266540536
Energy_CoulombIntra = -1156.3067382875602
NCond   = 1727.9999999999113
Sz      = 0.0
