Energy_Total        = -55.951193508913235
Energy_Band         = 242.3776009739331
Energy_CoulombIntra = -141.2225026118914
Energy_CoulombInter = -157.10629187095495
NCond   = 256.0
Sz      = -7.105427357601002e-15
