Energy_Total        = -425.52329071269486
Energy_Band         = -12.438637480398029
Energy_CoulombIntra = -413.08465323229683
NCond   = 1728.0000000000039
Sz      = 7.194245199571014e-14
