Energy_Total        = -426.46501435707586
Energy_Band         = -5.358638146935846
Energy_CoulombIntra = -421.10637621014
NCond   = 1728.0
Sz      = 2.398081733190338e-14
