Energy_Total        = -3691.9988309119008
Energy_Band         = -235.9988309134169
Energy_CoulombIntra = -3455.999999998484
NCond   = 1727.999999999621
Sz      = 2.398081733190338e-14
