Energy_Total        = -3085.333801756993
Energy_Band         = 4697.849290142438
Energy_CoulombIntra = -7783.183091899431
NCond   = 1727.9999999997797
Sz      = 8.992806499463768e-14
