Energy_Total        = -1915.6939859723284
Energy_Band         = -706.475012387974
Energy_CoulombIntra = -1209.2189735843544
NCond   = 1728.0000000001558
Sz      = -1.199040866595169e-14
