Energy_total = 94.84344543057352
Energy_band = 225.42997961564288
Energy_interall = -130.58653418506935
NCond = 48.00000000000001
Sz = 7.688294445529209e-15
