Energy_Total        = -817.4411909283748
Energy_Band         = -81.10763791329737
Energy_CoulombIntra = -736.3335530150774
NCond   = 1728.0
Sz      = 1.199040866595169e-14
