Energy_Total        = 127.44721059265441
Energy_Band         = 689.8482188315076
Energy_CoulombIntra = -265.88700374599006
Energy_CoulombInter = -296.5140044928631
NCond   = 256.0
Sz      = 3.552713678800501e-15
