Energy_Total        = 399.19658543473315
Energy_Band         = 1012.2149508309468
Energy_CoulombIntra = -472.65173539494776
Energy_CoulombInter = -140.36663000126592
NCond   = 256.0
Sz      = 3.774758283725532e-15
