Energy_Total        = 384.3835342064382
Energy_Band         = 1172.8938671071508
Energy_CoulombIntra = -162.36609787319094
Energy_CoulombInter = -626.1442350275216
NCond   = 256.0
Sz      = 1.0658141036401503e-14
