Energy_Total        = -1758.992657502965
Energy_Band         = 995.4822704848184
Energy_CoulombIntra = -2754.4749279877833
NCond   = 1728.0000000004006
Sz      = 2.398081733190338e-14
