Energy_Total        = -819.8561966245517
Energy_Band         = -65.81722971054296
Energy_CoulombIntra = -754.0389669140087
NCond   = 1728.0000000000061
Sz      = 2.398081733190338e-14
