Energy_total = -12.566530488813392
Energy_band = -4.507455480279255
Energy_interall = -8.059075008534137
NCond = 15.999999999999998
Sz = -3.164135620181696e-15
