Energy_Total        = 406.64030268869243
Energy_Band         = 1014.3261949912405
Energy_CoulombIntra = -477.3782465719271
Energy_CoulombInter = -130.307645730621
NCond   = 255.99999999999997
Sz      = -3.1086244689504383e-15
