Energy_Total        = -6155.157989730595
Energy_Band         = -971.1579897320626
Energy_CoulombIntra = -5183.999999998532
NCond   = 1727.9999999997551
Sz      = 0.0
