Energy_Total        = -566.9545742626692
Energy_Band         = 480.50266958108114
Energy_CoulombIntra = -1047.4572438437503
NCond   = 1727.9999999999995
Sz      = 1.199040866595169e-14
