Energy_Total        = -512.1304123305283
Energy_Band         = 319.82641988540126
Energy_CoulombIntra = -831.9568322159296
NCond   = 1728.00000000002
Sz      = 8.393286066166183e-14
