Energy_Total        = -2298.981031348687
Energy_Band         = 3617.5483960797246
Energy_CoulombIntra = -5916.5294274284115
NCond   = 1727.999999999895
Sz      = 0.0
