Energy_Total        = -2160.5932443076754
Energy_Band         = -432.5932447549126
Energy_CoulombIntra = -1727.9999995527626
NCond   = 1727.9999999993559
Sz      = -1.199040866595169e-14
