Energy_Total        = -105.23433731029571
Energy_Band         = 138.33220455878305
Energy_CoulombIntra = -138.78431197832305
Energy_CoulombInter = -104.78222989075572
NCond   = 255.99999999999997
Sz      = 0.0
