Energy_Total        = -5399.368606996754
Energy_Band         = -215.3686069951873
Energy_CoulombIntra = -5184.000000001567
NCond   = 1728.0000000002613
Sz      = 5.995204332975845e-15
