Energy_total = 1182.3731730224686
Energy_band = 2371.6132439580774
Energy_interall = -1189.2400709356089
NCond = 28.0
Sz = -2.7200464103316335e-15
