Energy_Total        = -2670.105407947567
Energy_Band         = 4140.725848399725
Energy_CoulombIntra = -6810.831256347292
NCond   = 1727.999999999891
Sz      = 5.995204332975845e-14
