Energy_Total        = -4277.3217577599835
Energy_Band         = 906.6782422380802
Energy_CoulombIntra = -5183.999999998064
NCond   = 1727.9999999997087
Sz      = -1.7985612998927536e-14
