Energy_total = -42.432881409439695
Energy_band = -42.03301280971968
Energy_interall = -0.39986859972001454
NCond = 23.999999999999993
Sz = -3.9064399191981507
