Energy_Total        = -5022.714012591261
Energy_Band         = 161.28598740711277
Energy_CoulombIntra = -5183.999999998374
NCond   = 1727.9999999997292
Sz      = -4.196643033083092e-14
