Energy_Total        = -817.4657674020735
Energy_Band         = -80.95853662368972
Energy_CoulombIntra = -736.5072307783838
NCond   = 1728.0
Sz      = 8.393286066166183e-14
