Energy_Total        = -436.15203487096574
Energy_Band         = 45.86406957946019
Energy_CoulombIntra = -482.0161044504259
NCond   = 1727.9999999999955
Sz      = -2.398081733190338e-14
