Energy_Total        = 481.55120264583627
Energy_Band         = 1378.279768683677
Energy_CoulombIntra = -166.77014461575902
Energy_CoulombInter = -729.9584214220819
NCond   = 256.0
Sz      = 1.4210854715202004e-14
