Energy_Total        = 247.02974091909203
Energy_Band         = 896.3244008308318
Energy_CoulombIntra = -340.4835894482299
Energy_CoulombInter = -308.8110704635099
NCond   = 256.0
Sz      = -7.993605777301127e-15
