Energy_Total        = 286.9891920794969
Energy_Band         = 967.0142894672971
Energy_CoulombIntra = -157.83643172472003
Energy_CoulombInter = -522.1886656630802
NCond   = 255.99999999999997
Sz      = 0.0
