Energy_Total        = -817.4424923434212
Energy_Band         = -81.1085503770264
Energy_CoulombIntra = -736.3339419663948
NCond   = 1728.0000000000034
Sz      = 0.0
