Energy_Total        = -429.2269986108213
Energy_Band         = 11.123684336329461
Energy_CoulombIntra = -440.35068294715074
NCond   = 1727.9999999999977
Sz      = 0.0
