Energy_Total        = -4647.885266793937
Energy_Band         = 536.1147332077398
Energy_CoulombIntra = -5184.000000001677
NCond   = 1728.0000000002801
Sz      = 0.0
