Energy_Total        = -922.7394056309151
Energy_Band         = 262.4895268651562
Energy_CoulombIntra = -1185.2289324960714
NCond   = 1727.99999999991
Sz      = 2.398081733190338e-14
