Energy_Total        = 530.0560505362741
Energy_Band         = 1480.7926867190001
Energy_CoulombIntra = -168.92117899499593
Energy_CoulombInter = -781.8154571877301
NCond   = 256.0
Sz      = -1.7763568394002505e-14
