Energy_Total        = -1280.2895647364348
Energy_Band         = 148.89476436785844
Energy_CoulombIntra = -1429.1843291042933
NCond   = 1728.0000000001658
Sz      = 4.796163466380676e-14
